-20.0
-10.0
-40.0
-40.0
-30.0
410.0
-40.0
0
0
0
10.0
0
0
0
10.0
0
0
-40.0
0
0
0
-40.0
0
0
0
0
-20.0
20.0
-40.0
0
10.0
0
0
10.0
-40.0
-40.0
-40.0
-30.0
0
-40.0
-30.0
0
0
-10.0
30.0
-30.0
-10.0
-30.0
-40.0
-30.0
-30.0
0
-40.0
0
-10.0
0
10.0
0
20.0
-40.0
20.0
0
0
0
20.0
0
-30.0
0
-40.0
0
0
-10.0
-30.0
-20.0
0
-40.0
0
-10.0
0
0
0
-30.0
0
-20.0
-40.0
0
-40.0
0
0
0
0
-30.0
0
0
-40.0
0
0
-10.0
-40.0
400.0
0
-10.0
-40.0
0
0
10.0
-20.0
0
-30.0
-30.0
0
0.0
0
0
-40.0
-10.0
-40.0
-20.0
0
-30.0
0
0
10.0
-10.0
0
0
0
0
0
20.0
-30.0
0
0
30.0
0
0
0
0
-40.0
0
0
10.0
10.0
0
0
0
0
0
0
0
0
0
0
-20.0
410.0
-40.0
-40.0
-10.0
0
0
20.0
-20.0
-30.0
0
50.0
0
-40.0
0
-30.0
