10.0
-30.0
0
-30.0
80.0
0
-20.0
-10.0
0
-10.0
-10.0
-40.0
-20.0
10.0
10.0
20.0
30.0
-10.0
-10.0
10.0
-10.0
-20.0
10.0
-30.0
-10.0
-10.0
-10.0
0.0
10.0
20.0
0.0
20.0
70.0
-20.0
-30.0
10.0
-40.0
10.0
30.0
-30.0
30.0
-20.0
0.0
0.0
0
-20.0
50.0
50.0
-20.0
-10.0
0
440.0
20.0
-10.0
-30.0
-40.0
-10.0
-20.0
-20.0
-40.0
-30.0
0.0
-10.0
400.0
-30.0
10.0
10.0
-30.0
-10.0
-20.0
-20.0
20.0
-10.0
0.0
-30.0
0.0
20.0
-10.0
-20.0
0.0
-20.0
10.0
10.0
0.0
-20.0
-20.0
10.0
20.0
0.0
-30.0
-10.0
-10.0
-20.0
-20.0
-10.0
0.0
-10.0
10.0
-40.0
0.0
-20.0
-40.0
