0
0
0
-20
0
0
0
0
0
0
0
0
-40
0
-30
0
0
-30
0
0
30
-20
0
0
-40
0
0
0
0
0
0
-30
0
0
0
0
0
-40
0
0
0
-40
-40
0
-20
30
20
-40
0
-40
-40
-10
0
0
0
10
0
0
0
0
30
0
0
-10
-30
0
0
0
0
0
0
0
0
0
0
0
-30
0
0
-10
0
0
0
0
0
-40
0
0
-20
0
-30
10
0
10
0
0
0
0
40
0
0
0
0
0
0
-40
0
0
-40
0
-40
0
0
0
0
0
-40
0
50
0
110
0
-40
0
0
0
0
0
-40
0
0
-40
0
-10
0
10
-40
70
0
-30
-40
0
0
0
0
0
-40
0
0
0
0
410
0
0
0
0
0
30
0
0
0
0
0
0
10
0
0
0
0
0
-10
0
0
0
-10
10
0
0
0
-40
0
0
0
0
0
0
-40
-30
0
0
0
0
30
0
-30
0
0
0
0
0
-10
0
0
0
0
0
-30
-30
0
-40
0
0
10
-40
0
0
0
10
0
0
0
-30
0
-40
0
-30
0
0
410
-40
0
0
0
0
0
0
0
0
410
0
-40
-30
-40
0
0
10
0
0
10
0
0
0
0
0
0
-20
0
0
10
0
0
-40
0
0
0
0
10
0
-10
0
0
0
0
-20
10
0
0
0
0
0
0
-30
0
0
70
0
0
0
0
0
0
0
0
0
0
0
0
400
400
0
0
0
0
